0.000264624042487008
2.16913009171777e-06
1.79847325595306e-08
1.26775563800428e-06
1.45951295720226e-08
1.78274344926993e-05
4.61286106700456e-07
3.74111232090861e-07
2.17389088706603e-07
7.56391264612696e-05
6.49264709246977e-05
4.14527982284937e-07
2.70206432777609e-05
2.46313657260237e-07
7.23742681914509e-10
2.08707766422042e-09
0.0197358076206568
4.42131534823236e-08
0.000409106423664664
2.57082497477897e-07
2.21960523253749e-10
1.84167190709282e-09
4.32738372115834e-06
3.37373955773251e-10
4.59757274183452e-08
0.00270034555310956
2.07039127983019e-07
1.7535421241052e-06
0.00156066154599098
2.30293067951547e-06
5.00692316980229e-10
0.0365359767899279
0.000410581547991332
5.7216383856257e-07
5.60527921531567e-09
8.77477976351125e-06
9.07551864321523e-08
2.01168375377567e-10
1.39790438697598e-08
3.43714896834905e-08
6.866245660576e-07
5.5859899455101e-06
4.04405416941997e-06
1.30009865621769e-05
0.000520136343533641
9.44858881022588e-07
3.82041978970494e-05
2.17071522562839e-05
4.26562075331905e-07
3.51810056149646e-07
5.79749872414244e-08
5.44067551033984e-07
6.68948834608518e-11
3.23038593264187e-10
0.00313459305211737
6.38346383058973e-09
1.17774063816763e-08
9.30646702520015e-05
4.39419519347879e-10
0.000344828027876136
0.000216492468307331
7.27920539507973e-10
2.70848381477166e-07
1.09472940251306e-09
0.00599559940491591
1.30603286829266e-10
5.24885236126346e-09
1.34980165269897e-07
7.44537972518979e-09
0.000174425015560207
0.000552266534122465
2.58743892888841e-08
4.93055366001048e-09
1.34154123100694e-09
3.18637249667945e-10
0.0015830481607477
0.00247924299554779
4.96470355346524e-06
8.95152980897549e-11
3.94773921835122e-06
4.39420788503926e-07
0.00221557882919744
3.22402443425533e-07
0.000305996281041714
1.63697813000225e-09
4.80334947496841e-11
6.80060702103682e-09
9.50250759804156e-09
4.72350916312773e-08
2.01437234319753e-08
4.9004322557727e-05
0.00165443522249626
2.99506603357124e-08
1.48502957809149e-09
0.0012857938150612
9.52294791461091e-08
1.2070718339708e-07
0.000407826079099743
5.99751656043874e-06
6.8842072683551e-05
8.07452590904574e-07
3.63252930777793e-08
2.04755906226937e-06
1.16554051201428e-06
7.83474571559161e-05
0.000207768412743789
5.15632265867282e-06
1.24450052525619e-05
1.74681766452059e-05
0.0351274235294383
0.00251213758238249
0.00019721065585752
2.81615548010329e-08
1.87258627437651e-09
2.13492330964472e-10
1.04806941924435e-09
5.12179740225976e-08
1.14180295289012e-09
2.17145505320704e-10
4.99745730164202e-10
3.96873795975688e-07
1.91531609543233e-07
0.012417858916407
6.17993527889422e-08
0.00406225168680426
3.22185826151132e-08
4.59696777719031e-10
1.94913435685129e-10
8.99281269648052e-06
1.01897427524985e-07
2.18142488747307e-09
0.000422641488087228
0.00260835745398544
1.47687923748258e-07
9.65466702019517e-10
3.88913846513227e-11
6.65460557756142e-10
1.38736150219722e-05
1.51016150601729e-10
6.90551594941234e-11
6.34618920306384e-09
5.74392069549778e-07
1.47514979186064e-05
2.83009446312376e-07
4.88090207898093e-09
4.00506098788934e-05
3.67496023654701e-06
2.11909152352716e-05
4.37971591781207e-09
3.12023253257849e-05
2.66081416523252e-06
3.86431228597403e-10
3.90284726688342e-05
0.0103480305661939
4.85090535827652e-08
2.80738773616268e-05
5.32555133728445e-07
2.81456201138201e-07
1.25310420148246e-09
2.08210003367389e-06
3.69806061731113e-05
9.77352882925657e-11
2.27465212039534e-05
0.000207098729960875
1.07630233021513e-05
1.31426455784978e-10
5.6136515537436e-06
6.64506317021643e-08
0.0109959251884388
0.00015488642010264
0.00269208044628393
7.75697090997513e-08
6.26414629570368e-07
0.0115183430533683
7.60760082894634e-11
7.89139036425988e-07
0.00221287100462642
0.000382966521348177
0.00057680544584564
0.000140218124705496
0.000224265107948088
0.0144602959682766
1.32923215301294e-06
0.000219153021208403
1.79131146880155e-07
1.65733257128734e-08
9.07273873464033e-07
8.85735390785758e-10
3.13378992719775e-09
1.90122499942749e-07
4.16792874185097e-05
8.24232825675122e-11
0.00811135557059541
3.18883951203157e-09
4.75811687144468e-05
2.44525889803604e-10
0.000178212345485155
1.84528540957562e-10
8.56801920130088e-09
8.15352163807701e-09
1.54529622102173e-10
0.00112875732107179
3.55378606706831e-06
3.24571765647532e-08
1.36391774727376e-08
4.86701414240331e-11
1.19745363212389e-08
1.73581885686671e-09
8.52949156144043e-09
0.000106525928979352
5.08714317709554e-06
1.11644187603649e-07
8.32879518147335e-08
7.99770091354345e-11
4.47869326047858e-05
8.75585750183659e-06
1.09532472449215e-07
1.0238350118555e-07
0.000187752125341663
9.31661157347758e-11
5.17993124487899e-08
2.10540009059816e-09
9.60456496331195e-10
2.31414263042106e-07
3.64573737923472e-09
0.000931287592802837
2.9061826359492e-09
9.47943360717162e-09
0.000224643126298468
1.76860498200294e-07
7.5425615733099e-07
8.06728092731458e-06
1.92217181097992e-09
0.0123270707501975
1.91895973956218e-07
2.91963408197986e-09
8.22113802682113e-10
9.08885926803239e-05
0.00052018822851812
0.00118591175981243
9.26192066858256e-07
0.0216211121321229
2.80248830945229e-07
3.46832595770949e-09
0.00741906994428376
2.87720168802534e-08
8.46234821823998e-09
2.063924389338e-05
0.00146396389410961
3.72263476995622e-07
7.84640233529704e-09
1.16036007974948e-08
1.06061151141292e-10
0.0353516304567785
4.5532754899843e-10
1.09815241543517e-05
2.58754757259788e-05
4.25560086731014e-08
1.76677907819044e-08
0.0376043386885123
0.000439411935193988
6.88542052562944e-06
1.68905433333677e-05
4.0462152785878e-09
1.63711232544807e-10
0.000171872780637506
8.92674962470979e-11
0.000190084680302247
8.74842673847012e-06
6.54997854389354e-05
4.98407387777498e-09
6.57107942128144e-05
2.2082864874353e-10
8.35439741558647e-07
2.94146759138543e-09
6.45672978777266e-07
7.46529348162145e-06
1.92631692370373e-09
6.20538829761242e-08
5.8893968933155e-07
1.35646679916045e-09
1.44271801277282e-07
2.74089672725336e-08
6.42690019019988e-11
6.10096703674111e-11
8.90682263594683e-08
3.9944563440045e-06
4.09324211295408e-11
2.52236672653477e-06
0.000320408316990057
1.73576662604523e-08
0.00112244219961653
0.00018343865735117
2.12892354174673e-08
8.741353701428e-11
1.6138933073117e-08
4.26515422669235e-09
0.000114364768947507
1.94857682107184e-07
0.0263963594329915
0.00888659107933027
5.07057947451178e-06
4.39466614913344e-07
3.69143998185147e-05
3.80532223939316e-10
3.69769098748931e-05
6.88479710839468e-07
2.02008622860031e-05
0.000522173649008872
8.21862187741492e-11
3.61843505921668e-11
7.6420787718335e-09
0.0343590236998772
2.13214442493288e-08
7.03832992432989e-08
4.53747454693943e-08
1.06291994926754e-06
0.00218593388749954
1.25743781073817e-10
7.19713592965055e-10
5.54711045533069e-09
0.000119171257366387
1.93829982882541e-09
1.39809608281625e-08
1.73738019541978e-08
2.19729676485767e-07
3.06648703042296e-05
0.000242667861332847
8.74971286536197e-05
1.7393384356449e-09
0.00013047195174997
5.45582806651499e-10
9.41430246834202e-05
6.31106577544019e-05
3.11606221289579e-09
3.28913514662185e-10
4.16249974284362e-05
2.40335718689329e-05
0.00430420147713638
2.55823929258364e-06
0.000177957792192385
3.66396495286035e-10
0.000334704051483238
6.09553598961689e-11
1.93754180115464e-07
6.68822622986902e-09
3.13594334551515e-06
2.02951529902531e-07
9.25644239794159e-05
7.19590160141665e-08
0.0103572329729951
1.13906498661052e-08
0.026147724975994
1.47727092725058e-06
1.58595871060687e-09
3.46890275666652e-05
0.000998664701154552
2.18745285349973e-09
6.62833026329074e-11
1.66889599823315e-06
8.07005147134875e-06
1.50827250871313e-07
1.00147560124033e-09
1.06894002125176e-08
2.51358424719241e-09
0.0312519582980137
1.54741331441226e-09
4.10748036239853e-11
0.00215062970053801
4.92665298535473e-09
0.00110661007718575
0.00562712949381332
0.000238285604590815
5.20556885428592e-07
3.89435022322159e-08
1.56962384872581e-07
0.00192853045200427
3.77812604120033e-10
0.000256867993832256
4.33280603352326e-10
7.32169392461617e-05
1.14513871971634e-06
7.18552887362229e-10
3.52249995184211e-09
1.74091466636615e-05
4.41058215550939e-06
0.00758513045146617
0.000387245714218262
9.21868654742394e-06
0.000246257013675907
7.61405691720273e-10
2.08781315786491e-10
1.84756943205143e-09
1.64343652781243e-09
3.53636865836974e-11
9.23660078434684e-08
2.30574229647822e-05
3.68933606963198e-05
0.000587508424898966
1.76103147483183e-05
4.93025755978491e-09
2.1179874775475e-08
2.16896946710794e-05
0.000125796341579608
0.00028432873605676
4.92772927554615e-09
1.91394833011114e-08
7.43970518266757e-10
2.48250574493921e-10
3.02627814283956e-08
6.44411060930704e-05
6.89813261788294e-09
0.000343328848496828
8.50703143899962e-05
1.97894449685297e-09
9.48391781119229e-09
1.16393374186949e-06
1.41554439504276e-06
5.74320089990243e-06
4.31847877553733e-07
0.000262709466364257
0.00172867640962093
1.50490739466036e-09
0.00574799884941443
6.08591547105635e-08
0.000655126021765096
3.21537108694981e-06
6.06119402453534e-09
1.29605196371952e-05
9.78901679131733e-11
6.06203281837087e-06
4.16006169117579e-07
0.00176488337436852
0.000425234522315847
0.00164134278595721
0.00584566000051793
4.51738237299098e-07
3.67493395988869e-10
0.000200904980308487
9.34997911625243e-05
3.85849968912890e-11
4.00428483702169e-10
0.0358056018442779
0.00261991075820245
0.00512252481244032
2.09669935461551e-09
9.79527948277114e-08
0.00175151143676491
7.08740104156576e-06
7.39513420533313e-06
3.14438996184126e-10
1.6709831366894e-10
5.97866999801319e-05
8.0668142550588e-06
8.37473845688478e-09
1.08947669088393e-05
3.00069627155337e-07
8.91688719847344e-05
1.75843320998975e-05
6.22632749181073e-11
0.031695837348185
2.43425986451416e-06
0.000607651863080819
1.34636784891327e-07
1.13711814342862e-08
4.20241800117647e-11
0.000173560646166298
0.00907363875356169
8.96241208831394e-05
1.38356532323809e-05
9.60899134787131e-11
1.70762608190098e-07
0.00295430284665598
1.15369391004214e-08
7.45416086323686e-06
7.26385532527081e-08
9.73599171859558e-10
4.32225511859803e-09
6.84997090398561e-10
1.72882749253155e-07
0.000100884266220968
1.32019392923428e-08
0.000411479189437231
1.88758941307443e-10
2.14737635563171e-09
1.07830461268412e-06
2.50738275845333e-08
1.05816431894774e-06
1.32992480769618e-09
7.3514231095573e-09
1.55590422184486e-07
7.12299399616896e-09
5.83827854216498e-06
3.64346326876828e-08
1.77668740724215e-07
0.00219689907554983
4.09915378315683e-08
7.52556307478611e-07
8.52438390802319e-06
2.21332259283128e-07
8.3509319650452e-11
5.30496231782205e-06
0.000182543525396772
7.76280818003115e-07
9.77259437926673e-08
1.04460098166462e-10
6.29988197985931e-11
0.000801207739641937
9.46385723598906e-08
0.000947986299596729
9.28388118004536e-11
4.00302027751029e-10
3.45177355730887e-10
4.94573876031447e-09
3.09196789552584e-09
8.86922607341387e-05
1.07555319903923e-06
0.0170976143987308
1.64761116941845e-07
0.00175870890232307
1.86163484551632e-09
1.20714472710868e-08
0.00339060239769988
3.1641561660356e-08
1.25397631128079e-05
2.83691651325237e-05
2.84866465650174e-09
0.00206495752952951
1.17172598398214e-08
5.7677149400374e-05
3.01332143919765e-07
5.61467929827625e-11
4.15091226440556e-09
4.54006154013751e-09
1.42354932010621e-09
0.000248113619705686
2.3561659640768e-07
0.000176639326248784
1.55990695299902e-08
3.25273618992509e-05
6.44426728450364e-11
3.27433054750765e-08
3.07854712730823e-06
1.69517998959701e-06
1.05695589911256e-06
8.01142343245047e-07
9.22434840326828e-06
6.57490853834618e-06
2.86859294092375e-10
0.00362049631158923
0.00489180620067479
1.92657518947612e-07
0.0244408270930067
6.06786713500497e-08
1.92495528020359e-09
1.07512595336093e-06
0.000422098936439679
2.30134965873732e-10
0.0039129779751668
1.06616793470891e-05
2.7295742626556e-07
1.34790534074993e-08
1.00510264103066e-07
3.15683545122504e-09
0.0118354507264201
1.59299022392232e-09
1.11782218666099e-09
8.80321278008177e-07
3.96957332225476e-10
1.71846596136204e-08
7.11743001361402e-10
3.70527704470586e-07
4.88152018045722e-11
4.54166969993644e-07
1.14043995355373e-07
1.02342690908649e-06
2.95998553315952e-08
1.64710186720604e-08
4.08175154508425e-06
0.000575289542312849
3.23468319278284e-09
8.9706045963199e-09
3.40128858842555e-09
1.83224566643189e-09
0.000290769770172755
4.34625137535976e-09
7.99842120588135e-11
0.000130500325385032
6.92610162214183e-06
3.77567833689617e-06
6.08457203199435e-05
2.50244964544948e-07
3.15374432370912e-05
1.56504917535877e-05
8.72557684843698e-05
0.000767311665475136
4.21896919106822e-09
9.85714741478949e-08
6.58919812443018e-07
2.49475295404743e-09
2.62885001870626e-08
0.0287692595501274
3.48718719467125e-08
4.66716035662734e-07
9.54491824631298e-06
5.29452354161144e-09
1.63682673616053e-07
2.13300345681096e-07
0.000112999799727139
0.00283385055998302
3.3082037220167e-11
6.34348595315334e-05
7.97328208985986e-08
1.25973168771417e-05
3.34667021841656e-08
1.25298605451496e-07
1.95966096251572e-07
3.04752925055256e-09
6.60528734969956e-07
2.47784616249641e-09
6.52263993124117e-11
6.23720317803255e-09
1.21048638425221e-09
3.25268153809158e-06
0.000265323310935826
2.90721236648949e-06
2.32418089553254e-08
9.22308583996574e-10
9.26564780579841e-06
6.8827752153879e-07
1.82573589445539e-06
4.82230196924697e-05
1.39463405578954e-10
0.000297985205745275
2.94833488468528e-10
1.94667445346467e-07
3.41209939020203e-11
2.70024641551155e-08
1.31864444038749e-05
4.77855685490457e-06
1.66287782969064e-09
3.77899717606644e-07
0.00532935079594465
1.77915320463815e-07
3.35327600234037e-11
1.19153566183802e-07
2.47139458803781e-05
2.7506166406991e-05
2.20724205455602e-08
3.69983715164098e-10
6.05225632660117e-07
3.31113146726176e-11
2.07525850999054e-08
6.48777115374906e-07
7.94628955137742e-09
9.51206588099958e-06
2.40359034492862e-08
4.1672639229258e-10
1.09427752686023e-05
2.01790858001871e-08
2.89369718681647e-09
0.000276786147141077
4.87394826826437e-05
1.7928596293919e-06
2.92764389864613e-09
1.00384727201868e-06
3.88455291847115e-06
9.35580328658125e-09
0.00224910573956967
0.0223533344482305
8.43609851523088e-10
0.0147449372590707
5.82121398526067e-10
5.46190566158016e-09
0.00129516115061178
1.30205194429228e-07
9.26865434825454e-11
1.74388197574425e-08
1.88827726534653e-10
5.44665971680004e-09
4.07290848058338e-05
3.3480583084566e-07
5.52772881897628e-10
4.66549021716281e-09
1.01046126995441e-09
0.000204134722627949
2.19589246031548e-05
3.73495782094054e-07
7.35442550530823e-09
1.0213811221818e-08
8.2096918373769e-07
1.99235925352728e-08
5.7250391827809e-08
6.09666984542531e-09
1.12929585049016e-10
2.56724073575359e-07
1.38419531739416e-06
2.53138106487864e-10
5.55105537715941e-11
7.27028368796362e-10
0.00240100791255681
1.55288442666029e-05
0.000371495655268635
2.56995924921717e-05
2.93027320697768e-06
4.99120893452556e-05
9.69613939303657e-10
1.09522117771235e-08
6.55194548094704e-10
2.78516721759131e-07
0.0383930015235887
1.83419680614561e-06
2.87737037250538e-06
1.70409146297314e-08
1.32151167791859e-05
5.51254725743552e-06
5.76104792383642e-07
1.41741210353202e-06
3.78327246072731e-10
3.97138866053202e-08
5.7003057323699e-09
2.28132223670778e-10
2.98323578500282e-07
9.66385582726307e-10
0.00145665621621023
0.0209865141892321
9.67757386382444e-11
0.00685484912648117
1.85586639465358e-06
2.60940472582167e-07
0.00558102191929283
2.89815141898223e-08
3.13649738127947e-06
2.93191348700635e-10
2.23699938206178e-06
0.000593222522039022
5.31739671535807e-09
0.00154703035879868
1.11885957058119e-05
3.3186897963263e-10
5.08140121535846e-06
2.61132466040763e-09
1.8980344348679e-10
0.000111477006860547
7.14005333741651e-06
9.29900301736971e-07
0.000412301067812013
9.03184987701696e-09
7.90916166382647e-09
8.31479041705804e-05
2.06305606789778e-09
6.09946009005721e-06
8.42019559118449e-05
2.99156218351325e-06
2.75864191700079e-05
1.1262899719011e-09
0.000402606131588532
3.80480820795307e-08
2.50520292620712e-10
5.3114659287409e-07
8.50602736218713e-10
3.26105332239863e-07
2.76506342324582e-10
1.27490383274269e-05
0.00315036934646503
0.000744126426450704
1.87011034432848e-10
8.67907560123742e-11
0.000516805971017932
2.00577554176104e-06
3.6229043193024e-08
5.18108241029478e-07
2.5362252935406e-10
0.00164834171262561
1.35156060024665e-10
3.35422932776236e-05
3.09305698237611e-10
2.66917824759687e-09
2.60813650535557e-08
7.39940804248262e-10
1.20009242889988e-07
5.50782161017382e-09
2.14001440392789e-09
1.91180266710965e-07
7.20831048822223e-08
1.5986428201865e-05
2.46295923074685e-05
3.25879678348859e-05
1.87451051093051e-10
0.000129810320479377
5.79265826125514e-06
1.59735747263828e-10
4.62922712345624e-11
0.00122980849948289
1.83150072266564e-10
2.64208449747877e-07
1.83518220882578e-06
1.40700351851863e-05
1.04918832357218e-08
9.57239438129515e-07
1.40546687694254e-08
1.07018248679428e-08
1.71897732600953e-07
3.93516937920758e-07
1.74954356735654e-09
6.43295292514539e-07
4.49341766960863e-10
1.99272417192594e-07
8.59736510750635e-08
2.81180967789483e-07
0.00113623638021301
3.59337334736716e-09
1.1367253478389e-10
3.04876757505369e-05
2.04157449612853e-05
2.19414663634705e-09
1.04183413555912e-05
0.000575997765476463
9.33800705118954e-10
0.000319725713160543
6.43411084597735e-10
0.000389995637574894
0.00347804220758299
0.000254896456180326
1.01079955653508e-06
1.6915194646417e-09
1.15540960238595e-08
1.88111809298717e-07
1.5640580065048e-08
7.41374843081651e-10
2.6491808246338e-09
2.68585585861346e-07
2.80920907499249e-08
1.67509549852586e-06
5.39555390069125e-06
0.00136986268149548
1.71370301983008e-10
1.01102878683047e-09
5.00836668362916e-08
5.48356583308925e-09
6.07327287133074e-11
1.20340253609754e-08
1.58564629074021e-08
2.25684693708119e-10
0.000216077496045468
3.15865223164568e-08
4.93433718876841e-06
1.13263554496565e-08
4.05907034405876e-08
1.98579989505029e-06
7.47218712915303e-11
2.49016874946954e-06
9.9673995154388e-10
0.00723460803517349
9.25016571416628e-10
2.23203528209561e-08
1.11012499594735e-09
4.2316616886924e-05
0.00159630200432835
5.97413833253543e-10
8.78712978010819e-06
9.43032269273467e-09
1.94427283085532e-06
1.00086841911498e-05
4.01073508289097e-10
1.60109373275282e-10
2.29417767258264e-08
0.000174371856446738
0.000239840319556544
4.04409866818038e-08
1.74616234080273e-07
1.5315073555347e-05
1.35210975952962e-05
0.00328738091003588
6.10478288410050e-09
0.00903832370372291
1.75238949908625e-06
1.86238985174798e-06
2.69271094974635e-09
0.00149597076107456
0.000172690063703115
1.02791428593776e-07
0.000176193104760597
0.0107767148445902
4.23825270758711e-05
1.7379086133294e-09
1.87456842702675e-06
0.000235532252589302
3.07232975862511e-05
0.00598971833231488
0.000352970734682779
4.56148118231828e-07
1.54406374144968e-10
4.54454967284405e-09
9.97430514483072e-07
0.000213088871669893
1.60297986855751e-05
1.3844128748977e-06
5.66698907753069e-06
5.09006667531774e-08
3.3929488623348e-07
3.9639746828888e-05
1.91014598085154e-06
7.17283545276773e-09
0.0044710391739371
1.02883296974368e-06
0.000595496370907415
1.39910429448266e-07
0.000396223985753566
1.86177475737142e-06
0.0273011987817903
8.267441118213e-05
2.4270405837518e-05
4.39036287645887e-10
0.00751423201197235
2.56482554809308e-06
2.09141600255708e-08
1.12212014461967e-08
6.32895589023858e-05
3.73631143644764e-08
1.95061559506473e-07
1.0507623827096e-06
0.000463803308133007
0.000742843019503764
1.66756790482011e-10
1.88133863042709e-07
0.00287276858270484
6.83134981177275e-07
1.36878059795639e-08
5.62427744014686e-05
7.33593783971032e-10
1.87247531114267e-05
0.000463294553700596
3.82855509494335e-11
2.3623201582043e-09
1.32094312454498e-07
4.93140053625427e-11
0.0050600405472685
3.71014766947746e-06
1.46626222818919e-08
2.78651592250581e-08
7.84959737532699e-10
0.00851610909190796
3.97809040606084e-08
4.78759745040721e-08
9.94625201386874e-11
1.06293034896547e-10
9.74533133259399e-10
5.41145955103678e-05
3.35674695397987e-08
3.36076560329768e-06
1.31609413579997e-10
0.00726682815734262
2.4983868937642e-09
1.88646077672927e-08
4.6443829716799e-10
4.62974531768947e-08
7.98006273599894e-07
5.19741547765986e-05
7.46771341907507e-05
0.00218760968516845
0.0276497426319827
3.0031033006719e-08
6.851966097599e-08
2.09734191807917e-06
9.18765428591088e-10
7.74720692750056e-11
1.44959024613728e-07
0.00127944905579805
2.41500160022683e-09
1.22135654361873e-06
2.91217090019844e-06
3.8221293719982e-09
3.06407247013677e-06
1.32905855146022e-05
2.67321321161298e-07
0.00140416024788211
0.000318002504590415
0.000228039452680236
8.88364079970699e-08
1.81431830698919e-07
9.27833063613884e-08
4.58525554654703e-10
5.32867173607544e-09
0.000474906256484464
3.84159493420648e-11
0.00027321570266871
3.59368281858635e-09
1.60070033218752e-08
3.69044559650316e-07
0.000504520819469311
2.11444787201133e-09
0.000184921702438588
1.32099643495971e-06
1.82502974478806e-06
1.70158062798905e-10
2.15405030189897e-10
0.000184219515690553
2.2815776196854e-09
6.54269923434321e-08
