3.6886947523614e-10
1.03083616641569e-05
4.61459275752329e-06
8.49986529498877e-10
9.97965123900233e-07
5.81048003449832e-08
1.90145356558919e-12
0.00537627689165359
7.25556276857026e-10
0.000120086775426468
1.22969005627585e-07
0.230797708946505
8.3520573854858e-13
4.17193061325382e-07
1.20536041765796e-10
7.11532129766594e-14
1.71320483107536e-08
5.12602486275812e-12
5.82949575687372e-05
2.35575052096096e-12
1.23452850987626e-14
5.71400471350874e-13
2.9890721535049e-12
9.77587420147201e-11
4.70986250015478e-12
8.51433851945805e-09
2.07144548246494e-10
6.79941234295506e-12
1.54920176621863e-07
2.53300040504048e-10
2.52744904448053e-13
5.23668830484305e-09
2.02105415376182e-09
7.20019678219404e-11
3.06004840223773e-12
0.000360538782915258
3.23023629574707e-08
1.25724507726195e-18
8.2654853761867e-11
1.18223736095237e-11
7.74199110808585e-18
2.07183384053402e-10
7.29734510252131e-06
4.17612914779801e-12
1.96664413142735e-12
5.71859243354029e-15
2.97087689268746e-09
5.04411060348948e-14
5.68175720635049e-10
2.25396002191741e-13
2.55129547303904e-08
3.29337390357723e-08
3.80675295447154e-10
1.61850727539551e-08
1.90897078233968e-10
0.00143469148375971
1.13531514782738e-08
9.87880648162986e-12
1.32510274070752e-08
3.01307221609045e-09
4.18709154113198e-09
1.80969466958737e-12
3.21230957590393e-09
3.8074890970823e-12
2.50282371913786e-06
2.95305080840423e-06
1.26365007647231e-08
2.48946487367243e-10
6.68429246647802e-11
4.25180215023009e-08
2.37806741092239e-11
1.41522107370482e-18
2.36409389400918e-12
0.0233920752204376
1.77489456565122e-13
3.28555575675303e-08
6.36701436966706e-08
9.39258307958527e-09
1.33835334679582e-05
8.22064711750384e-07
3.13073665227345e-08
1.23380191198524e-09
0.000121955834045953
8.49998738968237e-08
3.74503048639253e-07
7.12458245192871e-12
1.27028803347784e-10
1.30984006562335e-06
0.0027108168919231
2.12940926853629e-08
5.78856986431183e-09
4.77891495991122e-14
0.00018390665358831
6.53310119284381e-14
5.41434687737486e-05
0.000336556931797584
0.0087312506284912
4.90142772611975e-11
1.88111279000718e-09
2.28560626378414e-11
1.22436323913397e-08
1.25001304435161e-07
1.91431162447075e-10
2.6006551898125e-14
5.67037794799008e-14
1.42659541675895e-10
0.00036686643063409
6.63280069200907e-16
5.11301654457483e-06
0.000440495364003763
6.7810316571164e-15
0.000251992672149012
5.97328470441462e-13
1.27091805009353e-11
2.00230744513774e-06
7.23721030411842e-05
1.74763937116673e-07
6.16446976846674e-15
3.00962213335131e-13
6.12490551412912e-10
2.61110411676229e-09
2.99892181032116e-10
1.21302819209905e-11
2.29146744554602e-09
6.18017330110238e-10
1.96580789778901e-05
0.00067133640624297
2.03756874527695e-12
2.42528368811015e-10
4.17127242127918e-10
1.75920405990429e-15
3.07302313287635e-16
1.09797522176072e-06
7.80369951241731e-13
8.82556693584604e-06
2.51333144220851e-09
0.000174599076233683
4.67417028526689e-11
7.05797172924435e-13
5.91802429318454e-07
8.21445151441901e-08
5.24470421357483e-14
1.91699191247769e-07
2.23058649557359e-07
1.3200709109524e-09
3.84077492868622e-10
1.54206240865268e-13
1.49066419750897e-11
8.06490210399689e-12
1.69261874093415e-08
3.84674181938136e-12
9.88502028607573e-12
8.66853415418155e-09
2.02276965024929e-12
3.36183647174835e-10
0.00126838889209875
9.4116260927097e-06
1.4343796399802e-08
1.00192582965865e-10
4.85434322657588e-10
3.06687122131702e-07
2.47446201284505e-09
6.85283923510869e-14
8.02188406170651e-05
2.39514591443186e-08
3.0327891632413e-13
2.0411826001369e-05
1.77006704954154e-10
4.56334140295326e-08
6.65323323854018e-11
0.000707754848236907
2.30654119128827e-05
7.75997775151961e-11
1.94956561803302e-12
8.98635297911761e-13
1.11362973644507e-14
2.79008199961054e-09
8.89846124800743e-06
8.15731761436371e-05
1.59820464212729e-13
2.86444317856007e-07
4.38708848792036e-11
1.21386993266628e-08
5.83370874190362e-09
3.53202133515081e-13
0.00416703393790938
6.43751343575986e-12
1.32617431076168e-06
6.16262870855393e-16
1.33616812513846e-07
7.06344171449172e-11
2.39339529509452e-05
1.58333176210063e-09
6.4771987106187e-07
1.98487341605242e-06
1.38823863449774e-11
5.88531304122049e-11
1.00977250715049e-07
6.31369683792985e-08
5.4278704758873e-06
2.74685190298811e-10
2.26997508926802e-12
1.20241369383306e-07
9.42927519578571e-08
3.33490417529724e-13
5.06347480159915e-08
5.57346128835501e-12
0.000822810639386799
1.42013250029019e-10
5.44963391903315e-13
4.53791556155698e-08
0.0335640029921516
7.04803912342347e-15
4.27983033911898e-06
2.78781052560534e-09
8.44358685109259e-09
1.62881105152676e-06
1.3203855659571e-11
2.48277087520729e-14
3.5268611846187e-14
7.7436319904526e-17
1.53481795244524e-08
2.06594806390027e-10
1.57793985114758e-12
6.52007817090604e-10
5.16176851348353e-08
1.96352250809e-09
3.02272954057094e-11
1.14393491268126e-13
7.54464993621491e-09
1.44335161376741e-05
1.07170995471262e-09
2.93381769389462e-07
7.91519612240718e-06
4.96102635632985e-09
1.35822976707688e-05
1.08970517542444e-10
5.05802889725117e-07
1.1480199692083e-09
1.33898824491931e-13
4.80498411694512e-07
1.06637638064392e-11
1.70057733914513e-09
5.83769288903158e-12
4.00222117375133e-14
4.64471506424798e-10
4.05510367854575e-06
4.01813856629284e-06
1.73319578456276e-11
1.19953752015685e-11
3.54869361458003e-08
1.2707323491407e-07
7.97461253812682e-09
2.45913339578546e-09
7.72392046936333e-12
4.21242067306199e-08
7.83416979322566e-15
1.3652195406919e-11
7.88277973573407e-09
1.66819500272138e-11
9.45850738007603e-06
1.83260882380214e-07
6.56320561332649e-06
2.31143076319416e-07
2.20978371851772e-13
1.09892715150922e-08
1.29674309957132e-14
6.12420103073089e-12
7.49737546218614e-13
9.52401400059027e-15
0.392739697410807
0.00301059776784259
9.50056246432544e-13
4.42731707937196e-13
7.98248409363099e-07
6.69191585522807e-12
7.00860621669531e-11
1.59340039994015e-06
1.03743391174904e-09
4.3938721792032e-15
2.05164977083657e-11
0.00978916058530615
2.06611855739921e-08
0.0390283815986462
2.63312914253205e-05
8.47292286665638e-14
3.67622977851214e-07
1.0722171666979e-05
1.11866033229435e-08
0.000354661390284367
1.52079732490857e-08
0.000102887355753817
1.03971289876326e-06
6.40460487602191e-10
2.66759237627675e-10
6.62504002076368e-10
2.66927503132173e-08
3.66445009501871e-14
9.43741390330989e-11
5.78948750737614e-08
0.000819007798330962
1.06141484588996e-05
2.06825024969883e-10
2.89893427453303e-09
3.5793271792856e-13
1.07795830907465e-06
1.4929261157987e-09
0.000256090011281836
2.3798672709633e-15
1.04871930324993e-05
1.79790761187939e-11
4.31357712953877e-10
6.48238629341937e-10
1.64199615623728e-11
1.21880705019274e-09
5.30421937335587e-16
0.000269436679678632
2.77020513193297e-05
8.62341964233932e-09
1.13933016497535e-09
1.29580214909274e-08
2.60025687083519e-13
0.000402106227604973
3.83852230909221e-07
3.10989706199725e-13
1.11032912262918e-12
1.82976127752826e-07
1.82421530928831e-10
1.11394234919405e-11
1.41832963977211e-09
5.83440740512761e-14
3.25623288169137e-08
1.05523561081019e-09
3.51155143648118e-08
1.66548164640502e-14
2.69908007663027e-11
7.22709989037684e-09
4.55198541717941e-08
1.96114504050785e-10
3.46018069510922e-12
1.55204846169389e-07
1.29646724143937e-06
5.57606400772366e-12
5.76838289313639e-05
8.94514428794283e-07
6.1053743379088e-13
1.82861713681189e-13
3.12323304209295e-11
1.7986992045045e-12
9.9906246158058e-11
5.18644249814105e-09
6.37812655549505e-10
4.16200789934072e-07
4.80640521962698e-05
2.5593388871244e-10
3.46735519827479e-13
1.28012908254642e-06
2.70244922723973e-06
3.96508998973152e-10
1.93729230341607e-09
2.98057361511494e-15
1.24779506320669e-14
1.18033371309742e-11
5.32829652090235e-12
4.82938168769252e-05
1.50860642238896e-07
5.85251985014371e-08
8.91909410926755e-10
1.31953568136514e-06
1.4086415886259e-08
8.77769464986789e-06
7.18925672493059e-07
8.37026771187957e-10
6.03765603146732e-06
9.63962768610081e-09
6.37762784961651e-15
5.83578319178611e-05
1.63692954876663e-07
4.45569119911413e-14
0.00165868665216306
2.14145417317767e-10
5.59998417839938e-09
2.21650072119091e-09
0.00014035200050132
3.51481639092303e-09
2.6217796908178e-13
1.09714523035134e-10
8.86662394662663e-08
7.87956569756847e-14
8.95980282253964e-12
0.000919574318792005
9.01580439992206e-10
1.3657063763311e-06
3.20730170628905e-14
3.02359786723111e-10
1.46931832513842e-06
2.81775556156696e-06
0.000584414876654588
8.2835252641026e-11
1.14347728417367e-10
1.57872128313154e-08
5.06831276447099e-16
1.1107409900602e-09
9.95355468262469e-17
2.55989750129018e-07
2.23644854061505e-11
6.4887371777107e-12
7.0299718173686e-05
0.00756882882547916
8.25920419497783e-06
0.000104780929105707
0.000715618354689086
2.47268478708944e-10
0.000968642105921852
0.00245786723289315
7.34304114022801e-16
8.93165242228457e-15
9.953378063357e-09
4.92700180703028e-05
2.52924369384253e-05
3.94778136856362e-14
1.19652891460133e-11
4.64973608424154e-08
1.8535950868159e-11
0.0018163917529534
6.4054421228672e-11
2.63357828944463e-09
5.74914684285651e-10
8.53366805159085e-13
1.00356703628983e-06
0.000246727081398448
0.00238735693753975
9.0142526155128e-13
2.17405307101759e-08
1.26765791607888e-07
1.54651109644691e-12
1.63498872051789e-12
3.05647207642302e-16
8.99615986785982e-07
5.91614812990544e-11
2.66764989132256e-08
4.04001638583955e-12
1.30679378255316e-07
1.30598667647667e-10
2.44053410184479e-13
7.669636586624e-14
1.00341507697255e-09
0.00120728407500997
1.25616530541263e-13
7.31244172829716e-10
9.7720085925758e-08
8.19530336190158e-13
1.18031643389099e-12
4.26834267147383e-07
0.000121246786088604
4.5821367851474e-08
0.000144349291345477
2.85690368942017e-10
0.00165651809771819
0.00191627572218875
0.000561146104236467
4.5806972999524e-05
2.48195140968673e-16
1.24434253727592e-09
1.5062896098763e-14
1.87506378693586e-07
1.35794162078187e-09
4.18094518312738e-15
8.03631476888013e-06
1.31639987941015e-13
8.42860914525924e-05
0.000340740276045901
2.39221775489123e-07
9.73606669894951e-12
1.08704979383557e-12
4.9906125069953e-12
7.58224820760368e-15
4.05927778870369e-10
1.07875736650845e-05
1.31091767981007e-08
0.000106157307210715
8.27347619926684e-05
0.000175227347460836
1.47460654031657e-09
2.58014190189995e-06
3.04768017572548e-19
1.75374696286884e-09
2.32085096648169e-14
3.77607460273097e-05
2.63992996000508e-15
5.04485936570809e-10
8.38169854268545e-10
3.09738630010652e-11
1.09109504814526e-10
4.93506241237731e-14
1.05369607874501e-11
3.96153462564189e-12
1.83090483933442e-12
5.31579846504096e-11
0.00686318166981781
0.000269650512743385
2.6575241532593e-05
1.19543890483908e-05
1.28186957691784e-12
1.03688331298984e-11
5.96616204205037e-15
2.78443584695384e-14
6.6217444888765e-08
1.52960844130736e-08
3.89338728409953e-07
0.000111596505394114
1.04273043991723e-09
1.67483813988392e-10
4.17571547220531e-07
5.42509439617975e-07
2.34514669892124e-10
2.3925653382569e-06
2.28571320623413e-13
0.00304901160348736
1.0936052518286e-08
4.57418329177762e-10
0.000102067204157727
5.38835349473625e-15
2.90686981184192e-09
1.73636691324942e-11
2.19206459806857e-13
8.66026761752254e-09
4.03407609264223e-13
6.7239425868561e-07
3.29440149342467e-11
4.20550205103815e-07
9.64492765055153e-15
4.80063792526905e-05
5.19026053710149e-15
1.23214111813451e-06
2.38570035767278e-10
6.96963191029611e-07
0.000539797421604784
4.06762186377637e-07
0.000865572866758426
7.3491982232465e-09
1.56927038492982e-07
3.06877895490259e-05
9.05697342958901e-09
0.000396546342279208
7.10075326734797e-09
1.99703062640093e-05
1.7057228093001e-09
9.31307379536176e-05
5.78217871130459e-11
6.0471515581918e-13
3.78026504287189e-12
3.90370984371599e-06
1.84006090154177e-11
0.000521918496635163
5.25491009122005e-09
0.000102070306677724
2.08314929207684e-14
1.75571655800564e-06
0.000123310201695061
2.59323738768768e-09
9.45144141219977e-11
2.89633536414183e-06
6.09440829467333e-06
3.39294930780176e-06
3.15004001966117e-11
2.06979908086597e-11
3.04888708947992e-11
2.44185597461524e-12
1.57272312312091e-07
3.20919468507969e-05
5.50313287829064e-09
0.000136150963546012
6.65562209242273e-12
6.65184687087642e-11
2.96167826553857e-09
1.22417985249659e-11
1.50447597239625e-12
8.1918584057358e-10
1.64636998620395e-15
5.90430345330349e-06
1.24384176437326e-06
0.0011598832172908
3.50184481435327e-11
1.35640868381076e-10
7.19468110798126e-06
1.04963290377792e-11
2.2337889832847e-13
1.19739348359854e-08
6.01034775003214e-08
2.49915271793551e-07
4.38785976183424e-11
3.34760068685017e-05
1.12883010980919e-09
2.85004958205968e-09
0.00420908353350426
1.09181497142773e-08
4.38245626729293e-06
0.00112909358824335
4.22030068562403e-11
9.52808456345085e-07
6.00117215469053e-11
5.23261282170482e-12
0.00025005912649764
1.41719890944603e-10
9.52600481485613e-06
1.26061945378107e-05
1.93139722991167e-07
1.36596695242366e-16
7.80786260814111e-07
2.98512392566753e-09
0.00196732747172077
1.62283598189594e-09
2.66615097910747e-08
5.7266429024008e-15
6.17653057463002e-16
9.11907717029922e-05
8.07000776513932e-08
3.85820247064278e-10
3.14173155037489e-06
0.00140088876838249
0.00236290037943074
0.000707572292716848
1.43473249489242e-11
5.17962622236373e-10
1.3995600001604e-08
1.57829082858502e-10
1.12292854332238e-08
5.72766582569133e-06
6.8028431972885e-09
2.25245517289862e-12
1.01508563636035e-10
1.40342830096082e-08
1.46698175639416e-11
3.21919453995677e-09
4.05610550003814e-12
1.75157174958409e-06
6.54247584771225e-12
4.38616319179597e-06
9.3485211563702e-11
1.17678516894195e-11
5.974658968762e-12
2.23028012031504e-09
4.89464563330275e-07
3.44027771326217e-10
3.02985768960488e-12
0.000184663555600467
5.07487915601633e-08
8.36668626991492e-13
1.17761469385506e-17
1.5324836719745e-10
4.94600641796321e-14
1.6556138870415e-07
2.46194501750992e-11
5.77481635644166e-05
0.00155769038762377
4.84231175636072e-08
5.23348589507318e-15
6.85728016921368e-07
4.10451806022837e-05
7.92657223224852e-12
6.21737145338839e-09
1.69303942982996e-11
2.39750964029277e-08
3.11973627132231e-11
1.39703370049235e-07
3.72618138486973e-08
5.02679978421673e-10
0.0014581129125291
2.27451731514247e-10
1.1602049595801e-08
1.90981195597152e-07
4.87022186650226e-13
2.44459057657731e-10
2.58260118501241e-17
1.70253243049987e-13
6.63188279684752e-08
7.32088750259852e-12
5.16367033207184e-10
1.06790304670085e-09
8.3374335845208e-06
0.000587382210154453
2.82986007294025e-08
2.24207623077155e-08
2.32565472153288e-12
1.79555638154422e-05
0.0231766661442687
2.01873251238326e-06
2.81404752210608e-13
1.64220682414735e-13
8.68799122709853e-12
3.12506522481948e-12
7.27508464487373e-10
2.69179720860158e-11
1.28146547928646e-07
5.74462883034585e-10
2.3812120981675e-13
4.30852992415689e-11
8.41362686000144e-05
1.44705522765677e-09
5.06720994117137e-16
1.91988802903058e-07
1.56587174023457e-05
3.06781717752138e-16
4.85992055277066e-11
1.44628789234513e-07
4.97841491790254e-09
2.27414559532343e-10
2.28065515355751e-12
4.73929036276263e-11
3.97588888815182e-16
1.40671696545954e-05
1.24062578043319e-07
3.01824680036353e-14
3.42772959428416e-06
3.04885791011332e-16
4.37710273049976e-15
3.59013250842334e-14
6.00567582006613e-12
1.80764569046178e-09
5.05335828656649e-09
0.000139895976559352
1.00447566000934e-06
5.86102073122928e-13
1.45249575297673e-05
3.69851317144551e-12
2.84318924383366e-07
1.11459911377986e-06
1.05648810337005e-05
2.76527440768661e-15
7.73360878851487e-08
1.14089257905556e-07
9.29084259574462e-12
4.17587139498606e-08
3.90485268889447e-09
5.08583879672742e-05
1.54431682754958e-10
5.37470613484678e-10
6.90574792921155e-06
4.85585063432458e-10
5.40872785489792e-05
2.55806643926251e-14
4.08054500294834e-11
1.66734523126121e-05
1.09437451196044e-07
5.6799532800231e-12
8.38980134021512e-05
1.91151521158146e-07
3.17794484327661e-10
1.04028452432036e-10
2.06740571564145e-12
0.000232583309644666
3.49920451878028e-06
0.00765477376848059
2.33857999675514e-06
5.4120969019371e-12
3.75665045313552e-06
7.41270232291096e-11
2.73686304218797e-11
5.83396710970773e-09
1.79436473368805e-11
3.2307704346405e-14
7.85028738737666e-09
1.32169067433694e-12
1.01738484278995e-12
1.93757910276405e-09
0.000307158353311651
0.000178839331019203
5.76450948462503e-08
1.40175968282454e-05
7.08579822550873e-11
5.979844357688e-08
2.56187496277311e-10
6.71691787101177e-08
3.95228084986865e-09
3.81073023020956e-09
2.0011483514671e-09
6.25655812751153e-13
0.000324037585356263
4.95714806540866e-08
1.70137663146508e-06
4.58025981767366e-12
3.97554096176838e-13
1.23405907692848e-15
3.89818070684978e-05
7.84438466124084e-10
7.95177051702859e-05
1.11834371433599e-12
7.32134919344348e-12
4.96850712621113e-11
1.2506652042697e-13
6.77929263675598e-09
5.71185527330271e-09
1.37623275155999e-08
2.6383835916543e-11
0.000589477646872516
4.09826787283867e-08
2.69254912386294e-08
5.08106702774295e-11
1.13719642990979e-09
8.59859057147014e-16
1.97960366477649e-16
9.49258467521746e-08
1.56575989103889e-09
2.4198235430957e-12
2.82725213919657e-09
1.53490269147889e-05
2.22371774836368e-05
1.19100700622435e-08
0.0190409372006088
4.7829336758908e-12
0.000632961815015242
3.34755553591346e-13
7.49658041801469e-11
3.80843619837125e-10
0.00955380873983562
2.06806425686721e-10
2.01244543216005e-08
1.76259348154216e-09
4.51045402480222e-15
0.000680883974758254
9.13317875625266e-10
2.16466354908494e-19
2.05048731772092e-15
5.33708541215275e-11
4.21087185537769e-07
6.0351336852591e-11
7.87500026280624e-08
1.48039898092831e-09
2.29053337649073e-08
8.1683034468891e-10
5.72317685789778e-09
1.86404501953124e-18
7.61046985929589e-10
3.76967963386151e-14
9.89975254220298e-08
4.69628543887559e-12
0.000100374422127054
0.000124950111364331
5.52090379004378e-09
1.28353731205465e-12
3.81395115389123e-14
0.000241769123042087
0.000105743384779126
2.95208207860422e-07
0.00335554215296985
6.31173600470417e-07
2.60010297829675e-12
5.49125955546557e-09
1.47846320674337e-05
2.53083256727105e-12
9.31263525405232e-06
2.24787233256568e-14
1.29930472285249e-09
1.29246776075883e-09
4.17694916778464e-09
1.31903549457231e-12
3.60285200877408e-09
8.59083976961106e-15
3.28450041928813e-06
2.5910783751362e-10
5.62158838012273e-07
6.56496323388668e-05
1.90051428875135e-06
8.3063345715447e-12
3.57522326446485e-07
4.64602776254994e-09
7.31695803936101e-09
2.49968193924276e-06
2.31602523993853e-10
7.88536710856493e-05
2.52162384935617e-09
3.40382150067145e-09
0.000682278897225897
1.16199566639908e-07
0.000880586723420873
4.45481784153206e-12
2.78585338908733e-06
1.49925791595079e-13
0.0237069386868519
6.15391051641455e-11
5.80078035627016e-11
3.09318742446984e-14
1.23220189499865e-07
5.6025749641423e-11
2.93750887409564e-10
6.65373038629191e-09
2.56955906065816e-09
0.00445883202029754
0.000233893492331574
3.92697692614767e-08
1.48545680950682e-07
8.99792090240999e-10
3.41320065149963e-10
7.58478327833329e-07
6.97246908308953e-10
3.83200120631932e-10
9.7022260348676e-09
2.99814844982798e-08
4.11269839991066e-06
3.70872775695596e-08
1.71994138113879e-08
7.56441745315799e-06
9.88665041199297e-13
1.28842280408676e-06
7.95452296892044e-07
1.00565340606703e-07
1.31030015692675e-14
7.82922396542038e-09
2.2222232945402e-08
4.44177774579283e-06
8.4674814563067e-12
1.31671824476702e-13
2.17639062999425e-07
6.39805318921824e-07
1.53648685538819e-09
1.80078438105042e-08
0.00620097432659156
2.73053692302244e-07
2.23954088465704e-08
1.91076678245363e-09
4.80106147170979e-16
3.97224198339346e-14
0.00040077479751106
1.21138917148523e-17
5.49925258627375e-05
1.5340072274944e-07
5.18421614743581e-11
6.62145527238019e-16
5.48796059479386e-08
9.44699887441944e-12
0.000176677154163983
6.44443159192244e-10
0.000261860853814774
2.20344617631602e-11
1.26996157960442e-07
3.02075548178121e-10
4.8840010909635e-07
3.41215452228953e-07
4.80878018110348e-09
7.84193711790967e-12
1.53877077973032e-06
1.09963261762254e-13
2.13135925248108e-07
1.66693893442303e-11
5.86911962777424e-09
3.09896685789704e-07
3.52231742089258e-06
5.97515999700823e-13
1.56374795675834e-11
3.51333401801417e-11
3.59730302247785e-06
3.18073648419179e-05
7.08145829179645e-05
2.92882746866889e-05
7.26758220745855e-09
1.23763423694908e-10
1.19308863359683e-12
0.00220740133877599
1.22304962333668e-08
9.50570120304705e-15
2.31529410956754e-09
1.31841446765823e-10
9.52990294312554e-14
1.39480342631544e-06
3.91257424125586e-10
1.29827302760468e-06
1.19268520614881e-09
0.000312204331847735
1.8623373472582e-11
2.53108396648181e-06
1.11307721724491e-05
6.06602380665538e-16
1.92287300421479e-08
9.61901996606323e-07
6.99610167260915e-12
1.83298218189164e-10
2.57441883464905e-13
0.00022807712442782
1.02337367772109e-05
0.00075901082364752
1.79799298843199e-13
6.76045816764931e-08
5.42323170424479e-11
6.61561791235208e-11
0.000432681914609953
1.16823893372406e-12
3.32161876129587e-16
7.06307764820938e-10
0.00615002758531878
1.05682966815394e-12
5.32852289301762e-06
1.06128200306632e-08
3.42323531035971e-13
1.39753325501385e-10
1.13456449032005e-09
1.04333552628006e-05
1.27820285946182e-14
1.55703900633208e-08
2.45822946511483e-07
2.23110176780899e-05
2.04237623584173e-10
5.55494432664251e-09
8.28206508242629e-14
1.64605289698173e-07
8.09382874790286e-07
7.41740586393803e-05
1.79859154006159e-16
1.14599423282531e-07
8.40433104770069e-12
4.93310886684234e-09
4.5155197180043e-11
1.49960111138391e-11
8.52806307925795e-10
5.73887362356557e-14
6.99700511933173e-12
2.98619511344559e-06
1.49643090008763e-08
4.14885058763899e-09
2.02626344489937e-09
3.16551072578623e-10
5.68249378222446e-07
4.14655278020149e-10
2.55047732375047e-15
3.40391496986803e-06
4.12280075843364e-08
6.52058649664664e-07
2.36921114174452e-10
8.97226640329031e-11
0.000122019298528224
0.00220026468449908
0.00215580294563969
1.12717818498632e-12
5.28991802868617e-05
6.27558569916488e-09
3.64953749777206e-09
4.66985371609165e-10
8.88171562546362e-14
7.46793200725806e-09
3.83084180789687e-09
1.1144591531617e-11
8.82624677234287e-15
9.56586077677724e-10
3.12975881646041e-10
5.94612515192155e-08
5.13918048363181e-09
6.41851804700223e-15
9.07877854008105e-11
6.13208669915166e-05
1.63482811369958e-06
1.08551605123997e-08
1.2777173264187e-13
6.0699110918476e-10
1.68423313597541e-09
1.82095314814007e-12
7.67758225678192e-17
1.02375264210042e-11
1.31731264710393e-14
2.8691662461476e-07
3.63780203208367e-14
3.65284664191877e-07
0.00189775063256755
2.39378375883807e-07
1.33355469033367e-08
1.6125449162061e-12
1.53436327569886e-07
0.000296114077972304
3.96343674624319e-07
1.30263886738795e-10
4.05806204063691e-11
8.05038229198689e-05
8.54665051084906e-08
1.57712796197762e-18
7.53194106783813e-13
2.7305534322319e-09
2.54050966678496e-15
0.000113615313314091
1.88717790956732e-07
6.0672119883896e-11
1.86854745140653e-05
0.000645632017877079
1.68315332745829e-06
8.50804068877132e-15
2.18563014361674e-06
0.00177353728918134
0.000187441345479246
3.79858841342747e-06
1.08100754050176e-09
1.19997907465727e-12
9.83660685183748e-17
6.22418252483154e-07
4.02281455911244e-10
0.000275056655147691
6.70426123690504e-10
3.81515396330048e-08
3.5849724550478e-16
3.27642024248497e-08
4.09173612401401e-05
1.65527302005132e-09
1.25586003487798e-06
0.000242722035908776
2.04702923659416e-06
3.07253885040407e-12
5.98016031559951e-08
3.85666055467178e-07
1.45004602871836e-09
6.72481320929232e-16
4.30300714382768e-11
1.97668724055835e-13
4.08212784676015e-07
4.10798553712103e-10
1.62289940036059e-09
2.37169600337819e-10
5.81851914566012e-07
3.19359934608805e-10
3.71830956667701e-12
3.27148269134283e-06
0.00591474496607026
1.07962253198577e-14
9.46539115232879e-09
2.06559045763309e-05
2.19819560405297e-10
3.00028782892686e-06
1.93960397955352e-09
2.46939882070053e-09
1.52121033218555e-13
1.74908197211026e-11
0.000180028263887539
1.55888012824562e-12
2.97089766757448e-09
9.66246799777490e-11
3.42187184489266e-05
8.64184444199342e-14
5.73876605344887e-08
1.470324680406e-06
1.79905481252134e-10
8.69951510477052e-13
6.20810122512322e-12
2.83178999604174e-11
2.49042546656327e-12
0.000149781114521516
7.53150013603475e-12
0.000205899226757801
1.63703055010678e-11
3.90358265813018e-10
6.40885496769198e-21
2.43712539191124e-09
1.24037999453515e-06
5.07689516042347e-09
2.85030385979493e-09
7.27866099819584e-13
3.18382972748856e-10
1.51322698416592e-05
1.77152271875025e-11
1.06858091767509e-09
5.72419339961442e-10
5.85002711722575e-15
0.000661953005592921
2.29645668283531e-09
1.9549463869971e-08
3.25378102794826e-07
4.14582828045586e-10
0.00632735982176614
2.06994144903738e-08
1.86508782734589e-08
4.19935972093176e-08
9.69253585104307e-06
3.00631209360138e-09
1.73646346885585e-09
4.68013027439228e-07
6.41594868094268e-08
7.68353551886018e-12
5.80846111773957e-07
9.9397758481984e-07
1.60144374624565e-07
5.1831753105529e-06
2.08160997415197e-10
7.36184200917718e-11
7.93219149894762e-15
3.31037460824203e-13
1.74316625903664e-05
8.64700471120645e-14
9.02553335500467e-09
3.40238682693475e-09
3.77941641222857e-17
3.61247345310684e-09
5.26774061163492e-08
1.49566061771881e-08
1.03868208290641e-11
1.66131778859334e-12
2.25496896018251e-11
2.1383294135839e-10
1.48957818001601e-08
8.89264363320585e-09
5.88301991903571e-11
1.13183548204047e-08
4.41545692478944e-09
5.01338319587186e-07
1.52800444906168e-12
2.91503659142367e-09
3.51417196261073e-08
2.55291764737218e-06
3.86275599948262e-12
3.57428951049813e-16
0.000156712420107333
6.8018702837583e-07
1.68126648457035e-06
8.65720364237125e-19
2.64899210936983e-18
3.84658997970558e-11
8.57739973602949e-09
9.37143052848266e-08
9.0205133933741e-07
8.15081436770163e-07
1.28838214559449e-15
4.96824243963649e-09
0.000164726523672181
8.3931067382952e-14
9.02026390840235e-06
9.14622250052858e-08
8.39181644430929e-09
1.36636541115672e-09
9.02774698516329e-08
4.13054880249643e-08
1.95396660400425e-05
4.20260420034638e-12
1.72207746923105e-09
2.47008497649286e-08
0.000391081554028651
2.10140259235151e-08
7.85384002770598e-07
8.4155954090829e-08
1.74023394734199e-10
1.34331793484225e-08
8.6938677322915e-11
1.12681122697451e-12
1.69581878526471e-06
6.44321356377668e-09
0.000327610479674505
5.82871387092241e-08
2.86858381325635e-11
1.58539319670522e-07
7.22109172922728e-11
5.44821790895946e-08
3.43416155667912e-10
7.52961179166038e-15
2.36288419707412e-14
6.74143305175225e-12
1.639247188784e-06
1.75158664395374e-15
4.15720592080997e-05
3.51462535299345e-11
4.1868164921782e-06
0.000307797538165558
8.85337359129706e-07
1.73721576168375e-16
2.12231946561969e-07
1.39503274542396e-10
3.53872917529409e-12
3.77189235284406e-06
7.22053868753117e-14
2.33999113248134e-12
1.34193730584719e-10
3.1730106248582e-09
3.88273411924383e-10
2.30231329514239e-07
1.12675876782438e-11
5.51132185748972e-13
1.97213617687534e-14
5.74828123417312e-10
4.16526635716242e-06
4.46930868722432e-09
2.29547000992392e-08
3.58891823230679e-08
1.28082366551639e-07
1.46017158506348e-07
7.00398215103625e-09
3.73865705324321e-06
1.4476176125961e-09
1.49775646072119e-05
3.50663074696271e-10
1.49876564366157e-10
6.53474424914198e-09
9.4440698640369e-06
7.65831054005776e-06
1.85672417774906e-11
3.47787245804839e-12
0.000563855838329456
8.90608241306152e-11
4.5133522400063e-08
0.00184354656554428
7.02609088198766e-09
0.000196551596406702
1.50311319339475e-07
1.57172105276523e-15
1.24103167405059e-10
4.74278332528453e-06
5.5451524804056e-10
3.0208701899341e-16
7.01893639481801e-08
2.24796719437587e-13
2.516230431081e-14
2.54247749501607e-07
1.52208402764063e-09
0.000101186371158343
5.25926148635903e-08
7.22816790795863e-13
2.51433221792622e-11
7.18678194351799e-10
9.19104407030823e-13
0.000404198127725487
3.08127278018107e-12
2.01391527393026e-08
3.48481187091838e-06
7.2791684574789e-11
3.66890164882802e-11
1.32672336769159e-11
1.68699804807954e-08
1.64426802321466e-08
1.98833362591773e-14
2.31194343834661e-11
2.45615221655041e-06
9.93349400461344e-08
2.86422259797656e-15
5.63170722564895e-10
1.17983966354361e-09
6.82317173795985e-08
0.00547374207993003
5.99579184670846e-05
1.27153956519838e-08
9.77224115015091e-14
2.05395587991872e-08
1.89888982316095e-08
8.13443208088763e-12
4.74978948254251e-06
2.16895533811341e-07
7.42524092478552e-11
9.52979252540876e-10
1.64304271545441e-08
1.3185772282533e-05
2.60566185834581e-08
3.29658415656306e-07
2.96628173296191e-05
7.97993677526478e-11
7.00417585645275e-11
0.0112151384291729
2.21768298099882e-05
5.54496336879606e-10
3.18324945497218e-12
2.10037822992408e-06
5.11528245318369e-11
1.83282951846831e-12
7.30920781647304e-10
4.49318545152642e-06
4.38821126067693e-10
1.36387708010697e-06
1.84032209225945e-08
1.10389768980403e-14
1.35871440958025e-20
0.00168636398390227
6.67260510758489e-10
5.27797366057033e-16
8.74174235839641e-12
6.38807646838023e-13
8.24194193686354e-10
2.28140061372892e-07
0.00673365885042309
3.26225723613609e-13
5.69335022019468e-13
1.76594477004657e-12
3.30589526856973e-06
2.73164533344784e-13
3.15358100651834e-07
1.37334813876013e-07
2.19612349858063e-05
6.68091028200409e-07
0.00106151307669244
1.60796209942798e-14
1.63592444785311e-08
2.35432400640854e-08
2.34540155781506e-11
2.63620157033482e-06
5.81486687150828e-11
3.783026291465e-08
4.83957653147011e-14
1.85215927062476e-10
1.16887096608836e-12
1.77245601603905e-06
3.97137486765098e-07
7.5946652924051e-05
6.33951033036281e-13
1.24599723205324e-17
3.8866118409334e-11
3.43284540657486e-07
1.77670684027101e-07
2.03419975627763e-12
1.16686967031544e-08
6.00299200297538e-14
4.8045745956195e-12
1.89364503425303e-05
0.00085627857876853
5.48502315771774e-08
1.99356309095772e-08
2.54782220127476e-12
1.12421621368079e-09
2.36166578695464e-12
6.87132378868936e-11
5.33897458909257e-08
5.35422045942439e-08
2.02065077885253e-08
5.41384322497174e-08
5.58472692460419e-05
6.13066489480803e-09
7.21388985343813e-06
4.29034319450552e-14
2.06639238347362e-10
1.27534787667753e-06
0.00276048986381049
0.00362129875816208
2.53780914456239e-12
2.82497168470955e-06
0.00169672469155254
6.19955729786133e-08
3.98340324379350e-11
1.15612936879475e-08
3.64137560046592e-06
2.85594706548168e-09
1.49597385549485e-07
7.77691611692272e-12
2.06914752075389e-10
8.58948447568349e-09
1.17375380544029e-08
1.42949814695714e-08
1.21961951031237e-05
1.24716852254966e-09
2.94499546260622e-09
3.61689766213571e-09
2.89886744461962e-05
1.5596970948321e-09
1.25388385979125e-08
2.8974503773108e-06
8.39156200514542e-07
1.33105381802434e-09
2.86065818961154e-08
7.52060996677319e-13
7.76948679084206e-09
1.23701791159318e-05
1.62683052350635e-09
6.33819700909139e-11
1.24865536783256e-12
1.66150353090431e-11
2.07544279614959e-11
3.46453055267514e-08
5.34400913328749e-08
7.58216306317795e-06
0.00020990408260065
0.000298375070491998
7.35875917243e-13
3.55790905766299e-12
0.000197701191943383
2.16946849617637e-09
4.94130079718841e-11
6.03223478675951e-08
6.72033080502103e-13
6.90383425676452e-10
1.5306170127365e-10
5.34988068113951e-05
8.85521451513022e-10
0.000147517160812234
6.84188387919784e-11
3.41781572251627e-07
4.59708330044715e-08
2.23548177674815e-06
1.77637531664402e-06
6.4309143714104e-07
1.00472998821493e-07
4.22299415739723e-08
8.94753514430644e-07
5.78929037462669e-15
9.56785990737718e-11
4.91158419392854e-10
4.93773013355399e-12
1.76052223508927e-05
1.07430192765414e-09
5.55228149681821e-08
1.44586130203783e-12
2.15680611692118e-13
8.40095523337143e-11
6.60120614457931e-07
2.07373987907838e-14
1.69990403377333e-10
4.44291092273597e-10
8.1324818658577e-12
3.64604294992293e-13
1.0315910157806e-06
2.82832908863449e-07
1.35174255349965e-09
1.89803079315195e-05
1.67395804061145e-07
3.13221130951509e-09
